6
28
30
34
46
46
64
66
70
106
109
110
113
140
145
148
151
165
178
187
196
214
216
240
243
281
282
308
325
331
332
332
340
366
378
380
402
415
436
456
468
475
484
488
516
543
548
552
554
579
580
582
597
597
609
618
618
630
658
661
664
676
679
717
732
742
742
760
779
796
801
810
831
860
884
899
900
901
964
973
980
982
984
984
1023
1034
1050
1058
1071
1123
1127
1137
1161
1196
1197
1247
1254
1257
1259
1273
1273
1279
1283
1297
1312
1312
1325
1331
1337
1369
1376
1378
1394
1395
1420
1420
1425
1444
1453
1492
1533
1536
1541
1550
1569
1571
1596
1602
1615
1623
1687
1693
1694
1710
1716
1716
1730
1741
1755
1765
1788
1796
1816
1836
1867
1876
1876
1882
1893
1910
1918
1925
1925
1925
1933
1958
1968
1968
1973
2003
2016
2033
2054
2058
2086
2097
2101
2104
2111
2115
2127
2133
2136
2142
2144
2152
2154
2165
2177
2188
2220
2221
2240
2242
2260
2269
2318
2322
2324
2328
2329
2367
2378
2394
2407
2412
2425
2432
2438
2458
2463
2464
2502
2524
2527
2558
2564
2567
2570
2588
2591
2600
2601
2614
2626
2630
2676
2693
2703
2707
2721
2725
2753
2769
2769
2791
2844
2848
2866
2870
2870
2870
2881
2889
2896
2897
2899
2925
2937
2940
2946
2946
2953
2969
2993
3009
3030
3035
3051
3063
3083
3092
3095
3096
3115
3120
3133
3163
3166
3188
3190
3209
3230
3231
3232
3233
3237
3257
3283
3300
3341
3345
3346
3352
3356
3379
3383
3384
3390
3397
3401
3403
3408
3411
3415
3420
3422
3423
3441
3462
3462
3462
3463
3489
3491
3494
3495
3505
3510
3531
3553
3572
3576
3586
3591
3599
3604
3612
3616
3619
3619
3620
3620
3633
3664
3674
3684
3690
3695
3713
3715
3719
3722
3746
3747
3754
3767
3780
3794
3801
3807
3823
3835
3839
3880
3904
3909
3922
3924
3926
3943
3946
3966
3969
3973
3973
3984
3995
4001
4006
4008
4015
4016
4021
4030
4030
4034
4038
4041
4046
4054
4073
4073
4090
4100
4109
4113
4120
4130
4136
4141
4168
4173
4182
4197
4209
4212
4228
4230
4246
4254
4267
4270
4280
4290
4291
4308
4331
4371
4372
4382
4382
4406
4410
4427
4443
4450
4455
4458
4461
4464
4474
4483
4494
4506
4515
4520
4528
4542
4549
4551
4568
4581
4582
4625
4635
4646
4652
4666
4666
4684
4686
4687
4697
4723
4732
4742
4755
4763
4766
4774
4775
4779
4788
4795
4843
4871
4872
4872
4877
4882
4890
4894
4907
4929
4930
4930
4938
4943
4945
4950
4983
4983
4999
5014
5046
5069
5077
5081
5099
5108
5108
5120
5143
5146
5156
5157
5162
5172
5176
5177
5214
5218
5224
5233
5272
5283
5284
5285
5341
5351
5373
5376
5404
5415
5477
5477
5482
5494
5508
5519
5520
5528
5541
5548
5550
5560
5573
5577
5579
5586
5605
5611
5620
5649
5661
5679
5680
5683
5687
5708
5715
5716
5731
5756
5758
5782
5784
5797
5798
5814
5816
5830
5852
5865
5870
5905
5934
5935
5935
5999
6019
6021
6046
6073
6080
6092
6105
6126
6127
6156
6174
6182
6207
6213
6214
6214
6216
6232
6260
6268
6268
6276
6281
6311
6328
6328
6335
6386
6405
6406
6407
6408
6412
6415
6419
6433
6433
6438
6438
6442
6453
6478
6487
6525
6546
6548
6556
6594
6605
6619
6621
6636
6650
6659
6663
6672
6690
6719
6727
6734
6753
6767
6773
6773
6788
6790
6796
6797
6802
6804
6811
6825
6832
6834
6856
6866
6873
6902
6903
6910
6912
6919
6931
6937
6952
6953
6966
6977
6979
6980
6982
7005
7015
7022
7035
7045
7057
7057
7064
7067
7095
7100
7102
7107
7109
7109
7113
7125
7127
7129
7129
7144
7152
7160
7164
7204
7230
7232
7258
7282
7323
7327
7334
7337
7339
7341
7345
7356
7361
7362
7367
7379
7379
7397
7408
7414
7420
7422
7428
7461
7469
7485
7490
7495
7500
7508
7545
7567
7594
7599
7620
7623
7628
7638
7644
7717
7720
7723
7734
7734
7756
7760
7761
7771
7791
7795
7810
7832
7837
7842
7844
7849
7853
7895
7896
7910
7922
7932
7934
7937
7942
7957
7967
7978
7992
7994
8041
8042
8042
8042
8050
8059
8065
8067
8086
8092
8102
8103
8138
8142
8149
8162
8172
8174
8184
8185
8204
8206
8207
8214
8217
8227
8235
8240
8261
8262
8279
8285
8293
8296
8313
8313
8315
8327
8331
8342
8350
8350
8354
8365
8366
8387
8395
8405
8415
8419
8438
8451
8472
8479
8486
8488
8493
8496
8509
8522
8530
8534
8547
8554
8575
8580
8619
8628
8641
8647
8651
8659
8676
8679
8687
8698
8699
8715
8759
8779
8803
8814
8824
8837
8842
8846
8861
8883
8916
8927
8932
8937
8946
8981
8988
8990
9022
9025
9031
9066
9074
9091
9092
9100
9103
9114
9114
9149
9157
9182
9199
9203
9209
9216
9252
9259
9266
9287
9296
9303
9321
9327
9343
9363
9381
9402
9471
9474
9484
9487
9539
9555
9595
9601
9602
9610
9629
9635
9637
9650
9659
9673
9690
9712
9735
9738
9768
9769
9781
9805
9810
9813
9816
9817
9836
9852
9878
9924
9936
9938
9954
9954
9991
9997